FULLNAME	PROCEDURENAME	CHANNEL	SAMPLETYPE	SAMPLEDESCRIPTION	ONTIME	Seq	Time(sec)	Value
Clermont Demo		1	CRT		02/03/2016 10:34:22 AM
						0	0	0.25
						1	5	0.25
						2	10	0.25
						3	15	0.25
						4	20	0.25
						5	25	0.25
						6	30	0.390625
						7	35	0.765625
						8	40	1.28125
						9	45	1.75
						10	50	2.453125
						11	55	3.578125
						12	60	5.078125
						13	65	7.09375
						14	70	9.4375
						15	75	11.96875
						16	80	14.6875
						17	85	17.359375
						18	90	19.984375
						19	95	22.796875
						20	100	25.515625
						21	105	28.09375
						22	110	30.765625
						23	115	33.4375
						24	120	36.109375
						25	125	38.78125
						26	130	41.265625
						27	135	43.796875
						28	140	46.28125
						29	145	48.671875
						30	150	50.96875
						31	155	53.3125
						32	160	55.703125
						33	165	57.90625
						34	170	60.0625
						35	175	62.125
						36	180	64.140625
						37	185	66.109375
						38	190	68.03125
						39	195	69.859375
						40	200	71.6875
						41	205	73.515625
						42	210	75.203125
						43	215	76.796875
						44	220	78.390625
						45	225	79.890625
						46	230	81.390625
						47	235	82.796875
						48	240	84.25
						49	245	85.65625
						50	250	86.96875
						51	255	88.1875
						52	260	89.40625
						53	265	90.625
						54	270	91.84375
						55	275	92.96875
						56	280	93.953125
						57	285	95.03125
						58	290	96.109375
						59	295	97.140625
						60	300	98.125
						61	305	99.015625
						62	310	99.859375
						63	315	100.703125
						64	320	101.640625
						65	325	102.484375
						66	330	103.28125
						67	335	104.03125
						68	340	104.78125
						69	345	105.484375
						70	350	106.1875
						71	355	106.890625
						72	360	107.59375
						73	365	108.203125
						74	370	108.71875
						75	375	109.28125
						76	380	109.890625
						77	385	110.453125
						78	390	111.015625
						79	395	111.578125
						80	400	112.09375
						81	405	112.5625
						82	410	113.078125
						83	415	113.546875
						84	420	114.0625
						85	425	114.53125
						86	430	115
						87	435	115.421875
						88	440	115.84375
						89	445	116.21875
						90	450	116.59375
						91	455	117.015625
						92	460	117.4375
						93	465	117.8125
						94	470	118.234375
						95	475	118.5625
						96	480	118.9375
						97	485	119.265625
						98	490	119.59375
						99	495	119.875
						100	500	120.109375
						101	505	120.4375
						102	510	120.71875
						103	515	121
						104	520	121.1875
						105	525	121.375
						106	530	121.703125
						107	535	122.03125
						108	540	122.265625
						109	545	122.5
						110	550	122.828125
						111	555	123.109375
						112	560	123.34375
						113	565	123.53125
						114	570	123.765625
						115	575	124
						116	580	124.234375
						117	585	124.46875
						118	590	124.796875
						119	595	125.03125
						120	600	125.078125
						121	605	125.265625
						122	610	125.5
						123	615	125.734375
						124	620	125.921875
						125	625	126.109375
						126	630	126.296875
						127	635	126.4375
						128	640	126.625
						129	645	126.8125
						130	650	127
						131	655	127.09375
						132	660	127.234375
						133	665	127.46875
						134	670	127.65625
						135	675	127.75
						136	680	127.890625
						137	685	128.03125
						138	690	128.171875
						139	695	128.359375
						140	700	128.5
						141	705	128.59375
						142	710	128.6875
						143	715	128.78125
						144	720	128.875
						145	725	128.921875
						146	730	129.0625
						147	735	129.25
						148	740	129.34375
						149	745	129.484375
						150	750	129.578125
						151	755	129.625
						152	760	129.71875
						153	765	129.859375
						154	770	129.953125
						155	775	130.09375
						156	780	130.1875
						157	785	130.28125
						158	790	130.421875
						159	795	130.5625
						160	800	130.609375
						161	805	130.609375
						162	810	130.75
						163	815	130.9375
						164	820	131.03125
						165	825	131.125
						166	830	131.171875
						167	835	131.21875
						168	840	131.265625
						169	845	131.359375
						170	850	131.453125
						171	855	131.546875
						172	860	131.6875
						173	865	131.734375
						174	870	131.734375
						175	875	131.734375
						176	880	131.828125
						177	885	131.921875
						178	890	131.96875
						179	895	132.015625
						180	900	132.109375
						181	905	132.203125
						182	910	132.25
						183	915	132.34375
						184	920	132.390625
						185	925	132.4375
						186	930	132.4375
						187	935	132.484375
						188	940	132.578125
						189	945	132.625
						190	950	132.625
						191	955	132.671875
						192	960	132.765625
						193	965	132.859375
						194	970	132.859375
						195	975	132.90625
						196	980	132.953125
						197	985	133
						198	990	133
						199	995	133.046875
						200	1000	133.09375
						201	1005	133.140625
						202	1010	133.1875
						203	1015	133.1875
						204	1020	133.234375
						205	1025	133.328125
						206	1030	133.328125
						207	1035	133.375
						208	1040	133.375
						209	1045	133.375
						210	1050	133.46875
						211	1055	133.515625
						212	1060	133.5625
						213	1065	133.5625
						214	1070	133.5625
						215	1075	133.65625
						216	1080	133.703125
						217	1085	133.703125
						218	1090	133.703125
						219	1095	133.703125
						220	1100	133.75
						221	1105	133.75
						222	1110	133.75
						223	1115	133.75
						224	1120	133.796875
						225	1125	133.84375
						226	1130	133.890625
						227	1135	133.890625
						228	1140	133.890625
						229	1145	133.890625
						230	1150	133.890625
						231	1155	133.890625
						232	1160	133.890625
						233	1165	133.9375
						234	1170	134.03125
						235	1175	134.03125
						236	1180	134.03125
						237	1185	133.984375
						238	1190	133.984375
						239	1195	133.9375
						240	1200	133.890625
						241	1205	133.890625
						242	1210	133.890625
						243	1215	133.890625
						244	1220	133.890625
						245	1225	133.890625
						246	1230	133.9375
						247	1235	133.9375
						248	1240	133.9375
						249	1245	133.9375
						250	1250	133.9375
						251	1255	133.9375
						252	1260	133.984375
						253	1265	133.984375
						254	1270	133.984375
						255	1275	133.984375
						256	1280	133.984375
						257	1285	133.984375
						258	1290	133.984375
						259	1295	133.984375
						260	1300	133.984375
						261	1305	133.984375
						262	1310	133.984375
						263	1315	133.984375
						264	1320	133.9375
						265	1325	133.9375
						266	1330	133.9375
						267	1335	133.9375
						268	1340	133.890625
						269	1345	133.84375
						270	1350	133.84375
						271	1355	133.84375
						272	1360	133.796875
						273	1365	133.796875
						274	1370	133.796875
						275	1375	133.796875
						276	1380	133.796875
						277	1385	133.75
						278	1390	133.703125
						279	1395	133.609375
						280	1400	133.5625
						281	1405	133.5625
						282	1410	133.5625
						283	1415	133.5625
						284	1420	133.5625
						285	1425	133.5625
						286	1430	133.515625
						287	1435	133.421875
						288	1440	133.421875
						289	1445	133.421875
						290	1450	133.421875
						291	1455	133.421875
						292	1460	133.421875
						293	1465	133.46875
						294	1470	133.46875
						295	1475	133.421875
						296	1480	133.375
						297	1485	133.375
						298	1490	133.328125
						299	1495	133.28125
						300	1500	133.28125
						301	1505	133.28125
						302	1510	133.28125
						303	1515	133.28125
						304	1520	133.234375
						305	1525	133.234375
						306	1530	133.234375
						307	1535	133.1875
						308	1540	133.09375
						309	1545	133.046875
						310	1550	133.046875
						311	1555	133.046875
						312	1560	133.046875
						313	1565	133.046875
						314	1570	133.046875
						315	1575	133
						316	1580	133
						317	1585	132.953125
						318	1590	132.953125
						319	1595	132.90625
						320	1600	132.90625
						321	1605	132.90625
						322	1610	132.90625
						323	1615	132.859375
						324	1620	132.859375
						325	1625	132.859375
						326	1630	132.8125
						327	1635	132.765625
						328	1640	132.71875
						329	1645	132.71875
						330	1650	132.71875
						331	1655	132.71875
						332	1660	132.671875
						333	1665	132.671875
						334	1670	132.625
						335	1675	132.578125
						336	1680	132.53125
						337	1685	132.53125
						338	1690	132.53125
						339	1695	132.53125
						340	1700	132.53125
						341	1705	132.484375
						342	1710	132.4375
						343	1715	132.4375
						344	1720	132.390625
						345	1725	132.296875
						346	1730	132.296875
						347	1735	132.296875
						348	1740	132.296875
						349	1745	132.296875
						350	1750	132.296875
						351	1755	132.296875
						352	1760	132.296875
						353	1765	132.25
						354	1770	132.25
						355	1775	132.15625
						356	1780	132.109375
						357	1785	132.0625
						358	1790	132.0625
						359	1795	132.0625
						360	1800	132.0625
						361	1805	132.015625
						362	1810	131.96875
						363	1815	131.96875
						364	1820	131.96875
						365	1825	131.96875
						366	1830	131.96875
						367	1835	131.96875
						368	1840	131.875
						369	1845	131.828125
						370	1850	131.78125
						371	1855	131.78125
						372	1860	131.78125
						373	1865	131.6875
						374	1870	131.59375
						375	1875	131.546875
						376	1880	131.546875
						377	1885	131.546875
						378	1890	131.546875
						379	1895	131.546875
						380	1900	131.546875
						381	1905	131.59375
						382	1910	131.59375
						383	1915	131.546875
						384	1920	131.453125
						385	1925	131.453125
						386	1930	131.453125
						387	1935	131.453125
						388	1940	131.40625
						389	1945	131.3125
						390	1950	131.171875
						391	1955	131.171875
						392	1960	131.171875
						393	1965	131.171875
						394	1970	131.171875
						395	1975	131.171875
						396	1980	131.125
						397	1985	131.078125
						398	1990	131.078125
						399	1995	131.078125
						400	2000	131.078125
						401	2005	131.078125
						402	2010	131.03125
						403	2015	130.9375
						404	2020	130.9375
						405	2025	130.9375
						406	2030	130.9375
						407	2035	130.890625
						408	2040	130.796875
						409	2045	130.75
						410	2050	130.75
						411	2055	130.75
						412	2060	130.75
						413	2065	130.65625
						414	2070	130.609375
						415	2075	130.609375
						416	2080	130.609375
						417	2085	130.515625
						418	2090	130.421875
						419	2095	130.375
						420	2100	130.375
						421	2105	130.375
						422	2110	130.375
						423	2115	130.375
						424	2120	130.375
						425	2125	130.328125
						426	2130	130.28125
						427	2135	130.28125
						428	2140	130.234375
						429	2145	130.1875
						430	2150	130.1875
						431	2155	130.1875
						432	2160	130.140625
						433	2165	130.09375
						434	2170	130.09375
						435	2175	130.046875
						436	2180	130
						437	2185	129.90625
						438	2190	129.859375
						439	2195	129.859375
						440	2200	129.859375
						441	2205	129.859375
						442	2210	129.8125
						443	2215	129.8125
						444	2220	129.8125
						445	2225	129.765625
						446	2230	129.71875
						447	2235	129.671875
						448	2240	129.671875
						449	2245	129.671875
						450	2250	129.625
						451	2255	129.625
						452	2260	129.53125
						453	2265	129.4375
						454	2270	129.4375
						455	2275	129.4375
						456	2280	129.4375
						457	2285	129.4375
						458	2290	129.390625
						459	2295	129.34375
						460	2300	129.296875
						461	2305	129.25
						462	2310	129.203125
						463	2315	129.203125
						464	2320	129.203125
						465	2325	129.15625
						466	2330	129.109375
						467	2335	129.109375
						468	2340	129.109375
						469	2345	129.109375
						470	2350	129.109375
						471	2355	129.0625
						472	2360	129.015625
						473	2365	128.96875
						474	2370	128.96875
						475	2375	128.921875
						476	2380	128.921875
						477	2385	128.875
						478	2390	128.828125
						479	2395	128.828125
						480	2400	128.828125
						481	2405	128.828125
						482	2410	128.734375
						483	2415	128.6875
						484	2420	128.6875
						485	2425	128.6875
						486	2430	128.640625
						487	2435	128.59375
						488	2440	128.59375
						489	2445	128.59375
						490	2450	128.546875
						491	2455	128.5
						492	2460	128.40625
						493	2465	128.40625
						494	2470	128.359375
						495	2475	128.359375
						496	2480	128.359375
						497	2485	128.3125
						498	2490	128.3125
						499	2495	128.265625
						500	2500	128.265625
						501	2505	128.265625
						502	2510	128.265625
						503	2515	128.171875
						504	2520	128.125
						505	2525	128.125
						506	2530	128.125
						507	2535	128.125
						508	2540	128.125
						509	2545	128.125
						510	2550	128.03125
						511	2555	127.9375
						512	2560	127.890625
						513	2565	127.890625
						514	2570	127.890625
						515	2575	127.890625
						516	2580	127.890625
						517	2585	127.84375
						518	2590	127.796875
						519	2595	127.75
						520	2600	127.75
						521	2605	127.75
						522	2610	127.75
						523	2615	127.703125
						524	2620	127.65625
						525	2625	127.65625
						526	2630	127.65625
						527	2635	127.609375
						528	2640	127.5625
						529	2645	127.5625
						530	2650	127.515625
						531	2655	127.515625
						532	2660	127.515625
						533	2665	127.46875
						534	2670	127.421875
						535	2675	127.375
						536	2680	127.375
						537	2685	127.375
						538	2690	127.375
						539	2695	127.328125
						540	2700	127.28125
						541	2705	127.234375
						542	2710	127.1875
						543	2715	127.1875
						544	2720	127.140625
						545	2725	127.140625
						546	2730	127.140625
						547	2735	127.140625
						548	2740	127.09375
						549	2745	127.046875
						550	2750	127
						551	2755	126.953125
						552	2760	126.953125
						553	2765	126.953125
						554	2770	126.953125
						555	2775	126.90625
						556	2780	126.859375
						557	2785	126.8125
						558	2790	126.71875
						559	2795	126.671875
						560	2800	126.671875
						561	2805	126.671875
						562	2810	126.671875
						563	2815	126.671875
						564	2820	126.671875
						565	2825	126.671875
						566	2830	126.625
						567	2835	126.578125
						568	2840	126.578125
						569	2845	126.578125
						570	2850	126.53125
						571	2855	126.4375
						572	2860	126.390625
						573	2865	126.390625
						574	2870	126.390625
						575	2875	126.34375
						576	2880	126.34375
						577	2885	126.34375
						578	2890	126.34375
						579	2895	126.296875
						580	2900	126.296875
						581	2905	126.203125
						582	2910	126.15625
						583	2915	126.15625
						584	2920	126.0625
						585	2925	126.015625
						586	2930	126.015625
						587	2935	126.015625
						588	2940	126.015625
						589	2945	126.015625
						590	2950	126.015625
						591	2955	125.96875
						592	2960	125.921875
						593	2965	125.921875
						594	2970	125.921875
						595	2975	125.921875
						596	2980	125.875
						597	2985	125.828125
						598	2990	125.78125
						599	2995	125.78125
						600	3000	125.78125
						601	3005	125.734375
						602	3010	125.640625
						603	3015	125.59375
						604	3020	125.59375
						605	3025	125.59375
						606	3030	125.546875
						607	3035	125.5
						608	3040	125.5
						609	3045	125.5
						610	3050	125.453125
						611	3055	125.453125
						612	3060	125.453125
						613	3065	125.40625
						614	3070	125.3125
						615	3075	125.21875
						616	3080	125.21875
						617	3085	125.21875
						618	3090	125.21875
						619	3095	125.21875
						620	3100	125.21875
						621	3105	125.21875
						622	3110	125.21875
						623	3115	125.21875
						624	3120	125.21875
						625	3125	125.125
						626	3130	125.078125
						627	3135	125.078125
						628	3140	125.078125
						629	3145	125.03125
						630	3150	124.984375
						631	3155	124.984375
						632	3160	124.984375
						633	3165	124.984375
						634	3170	124.984375
						635	3175	124.984375
						636	3180	124.9375
						637	3185	124.890625
						638	3190	124.890625
						639	3195	124.75
						640	3200	124.65625
						641	3205	124.65625
						642	3210	124.65625
						643	3215	124.65625
						644	3220	124.65625
						645	3225	124.65625
						646	3230	124.65625
						647	3235	124.65625
						648	3240	124.65625
						649	3245	124.65625
						650	3250	124.609375
						651	3255	124.5625
						652	3260	124.515625
						653	3265	124.46875
						654	3270	124.421875
						655	3275	124.421875
						656	3280	124.421875
						657	3285	124.421875
						658	3290	124.421875
						659	3295	124.375
						660	3300	124.328125
						661	3305	124.328125
						662	3310	124.328125
						663	3315	124.28125
						664	3320	124.28125
						665	3325	124.234375
						666	3330	124.1875
						667	3335	124.140625
						668	3340	124.09375
						669	3345	124.09375
						670	3350	124.046875
						671	3355	124.046875
						672	3360	124.046875
						673	3365	124.046875
						674	3370	124
						675	3375	123.90625
						676	3380	123.859375
						677	3385	123.859375
						678	3390	123.8125
						679	3395	123.8125
						680	3400	123.8125
						681	3405	123.8125
						682	3410	123.8125
						683	3415	123.765625
						684	3420	123.671875
						685	3425	123.625
						686	3430	123.625
						687	3435	123.578125
						688	3440	123.53125
						689	3445	123.53125
						690	3450	123.53125
						691	3455	123.484375
						692	3460	123.4375
						693	3465	123.390625
						694	3470	123.390625
						695	3475	123.390625
						696	3480	123.390625
						697	3485	123.390625
						698	3490	123.390625
						699	3495	123.4375
						700	3500	123.4375
						701	3505	123.390625
						702	3510	123.296875
						703	3515	123.296875
						704	3520	123.296875
						705	3525	123.296875
						706	3530	123.296875
						707	3535	123.296875
						708	3540	123.296875
						709	3545	123.296875
						710	3550	123.296875
						711	3555	123.203125
						712	3560	123.109375
						713	3565	123.0625
						714	3570	123.0625
						715	3575	123.015625
						716	3580	123.015625
						717	3585	123.015625
						718	3590	122.96875
						719	3595	122.96875
						720	3600	122.921875
						721	3605	122.921875
						722	3610	122.921875
						723	3615	122.828125
						724	3620	122.78125
						725	3625	122.734375
						726	3630	122.734375
						727	3635	122.734375
						728	3640	122.6875
						729	3645	122.6875
						730	3650	122.6875
						731	3655	122.6875
						732	3660	122.640625
						733	3665	122.640625
						734	3670	122.59375
						735	3675	122.546875
						736	3680	122.546875
						737	3685	122.546875
						738	3690	122.5
						739	3695	122.5
						740	3700	122.5
						741	3705	122.453125
						742	3710	122.40625
						743	3715	122.359375
						744	3720	122.3125
						745	3725	122.3125
						746	3730	122.3125
						747	3735	122.265625
						748	3740	122.21875
						749	3745	122.21875
						750	3750	122.21875
						751	3755	122.21875
						752	3760	122.21875
						753	3765	122.171875
						754	3770	122.125
						755	3775	122.125
						756	3780	122.078125
						757	3785	121.984375
						758	3790	121.984375
						759	3795	121.984375
						760	3800	121.984375
						761	3805	121.9375
						762	3810	121.9375
						763	3815	121.9375
						764	3820	121.9375
						765	3825	121.9375
						766	3830	121.890625
						767	3835	121.84375
						768	3840	121.796875
						769	3845	121.796875
						770	3850	121.75
						771	3855	121.75
						772	3860	121.75
						773	3865	121.75
						774	3870	121.75
						775	3875	121.75
						776	3880	121.703125
						777	3885	121.65625
						778	3890	121.65625
						779	3895	121.609375
						780	3900	121.5625
						781	3905	121.5625
						782	3910	121.5625
						783	3915	121.5625
						784	3920	121.515625
						785	3925	121.421875
						786	3930	121.328125
						787	3935	121.28125
						788	3940	121.28125
						789	3945	121.28125
						790	3950	121.28125
						791	3955	121.28125
						792	3960	121.328125
						793	3965	121.328125
						794	3970	121.28125
						795	3975	121.28125
						796	3980	121.28125
						797	3985	121.234375
						798	3990	121.1875
						799	3995	121.140625
						800	4000	121.140625
						801	4005	121.140625
						802	4010	121.140625
						803	4015	121.140625
						804	4020	121.140625
						805	4025	121
						806	4030	120.859375
						807	4035	120.859375
						808	4040	120.859375
						809	4045	120.859375
						810	4050	120.859375
						811	4055	120.859375
						812	4060	120.859375
						813	4065	120.8125
						814	4070	120.765625
						815	4075	120.765625
						816	4080	120.765625
						817	4085	120.765625
						818	4090	120.765625
						819	4095	120.765625
						820	4100	120.765625
						821	4105	120.71875
						822	4110	120.71875
						823	4115	120.71875
						824	4120	120.671875
						825	4125	120.625
						826	4130	120.625
						827	4135	120.578125
						828	4140	120.484375
						829	4145	120.4375
						830	4150	120.4375
						831	4155	120.4375
						832	4160	120.4375
						833	4165	120.4375
						834	4170	120.4375
						835	4175	120.484375
						836	4180	120.4375
						837	4185	120.390625
						838	4190	120.390625
						839	4195	120.34375
						840	4200	120.25
						841	4205	120.15625
						842	4210	120.15625
						843	4215	120.15625
						844	4220	120.15625
						845	4225	120.15625
						846	4230	120.15625
						847	4235	120.15625
						848	4240	120.15625
						849	4245	120.109375
						850	4250	120.109375
						851	4255	120.109375
						852	4260	120.109375
						853	4265	120.0625
						854	4270	120.0625
						855	4275	120.0625
						856	4280	120.0625
						857	4285	120.0625
						858	4290	120.0625
						859	4295	120.0625
						860	4300	120.0625
						861	4305	120.015625
						862	4310	119.96875
						863	4315	119.875
						864	4320	119.828125
						865	4325	119.828125
						866	4330	119.828125
						867	4335	119.828125
						868	4340	119.828125
						869	4345	119.78125
						870	4350	119.78125
						871	4355	119.78125
						872	4360	119.78125
						873	4365	119.734375
						874	4370	119.734375
						875	4375	119.734375
						876	4380	119.734375
						877	4385	119.6875
						878	4390	119.6875
						879	4395	119.640625
						880	4400	119.59375
						881	4405	119.5
						882	4410	119.453125
						883	4415	119.453125
						884	4420	119.453125
						885	4425	119.453125
						886	4430	119.453125
						887	4435	119.453125
						888	4440	119.453125
						889	4445	119.453125
						890	4450	119.453125
						891	4455	119.453125
						892	4460	119.40625
						893	4465	119.359375
						894	4470	119.59375
						895	4475	119.453125
						896	4480	119.453125
						897	4485	119.546875
						898	4490	119.40625
						899	4495	119.359375
						900	4500	119.40625
						901	4505	119.359375
						902	4510	119.359375
						903	4515	119.359375
